40157797
88868168
92439940
67634191
7929969
98436565
11108536
18546954
94111118
67470353
70075448
93668749
10846397
2949172
81118415
36373045
98698749
28377491
77284537
39109235
25100631
47399675
83576018
94684553
99780061
94078378
1900590
44319383
51299128
26739106
93013424
61309849
17973585
67224644
34538058
56443668
20382077
18809169
82232489
57688895
7045177
25182675
64422786
78415099
65274812
7127092
41288238
42664662
47760005
83707043
16711839
14631099
19874121
18792823
74843162
7651353
13402300
73237548
46645942
19661144
98059681
64177064
14827678
999538
4145216
18399641
53248943
89507280
37225136
24117752
68240536
58737418
51446657
65700731
35373706
66716521
42713631
54379429
92800274
99370352
11173942
99763565
4145309
44974605
95552785
20169108
26542386
4030613
84182446
41550549
9879586
38159090
23200215
27607315
94291240
62669578
2572446
16089164
59491121
64373613
17465783
43352660
52511714
29065592
80692236
21201287
37372669
44008023
33423669
90719652
94831979
25559371
85657044
50529239
55640967
83575843
80921608
55411603
74335374
96044377
50791398
28983643
26345840
95700304
69715137
95388998
22921654
40174222
38535847
23953798
5423294
21758368
62391126
63685432
77661269
96470326
7667854
68273389
89245100
19415511
80381386
33866500
12665281
25673860
82691566
84198412
21987398
55476802
16138726
44417969
20217891
21610577
74368372
96928988
36799274
67241244
82527691
99255498
64062195
49988568
50152411
54608488
21987427
85607478
81167867
54116884
34554658
39011197
59818659
21774463
76826023
21676158
62145152
56492649
65979092
87983107
36389654
76531120
71517564
91079725
67323200
58852038
75728326
65684143
46400386
77497816
52986465
38372098
85378136
61391591
48022408
32817312
86574204
42566622
69207416
63816341
3473775
74958125
79365600
11633133
20217961
11764179
66699928
45712346
5423409
36242252
55968318
50283415
32391300
69092724
78775775
82249097
28065987
92210192
75351309
95880391
25559286
97289405
38667069
442738
78874059
76826094
20299849
74630415
11436499
2605400
99288170
88294594
56050386
71140794
15663463
98190418
64389727
34767771
10797364
42484506
24101116
11387198
14418249
97469530
53215927
78218549
67208607
82445684
49890151
30490702
786861
66404945
88851694
20316307
45597471
48988994
69830016
95454234
19431555
33390673
40682433
88343785
74696156
89490660
2490771
85001383
2605471
24002772
96404485
92734521
47530859
8618301
8765755
27492450
68027855
12550522
19955962
29966338
68257245
41092029
83002684
93979733
97698845
31522862
93422657
29802518
70043130
83608876
11764074
83182894
88523930
40764337
49251120
58983003
34964469
23871628
40895377
98878470
46220069
81052979
77907278
53887708
49775386
33128468
24051841
55247524
45237057
72009145
36488159
76924257
87704782
63554108
3473856
59785830
23756957
30081075
47514412
50971379
23789718
71976372
33193989
14795038
86181665
7897723
77334168
64340433
84002568
99256294
20742958
62439850
62112165
75826835
27968445
79808217
27427769
40566901
74942057
53166345
20693784
58360146
87574288
93915056
11338372
82380483
69076533
47317246
69600778
50626857
74614364
73975367
68486694
39665766
38223878
35209307
97814423
20611961
90654499
1819230
59998686
14369429
21070609
92112685
74597927
17367900
9175765
35618883
31343488
36061255
27165693
42008802
74089993
17122156
27427787
28312541
88229682
32572288
2900575
73745942
49692805
68240999
94799824
61653467
38731827
18580325
41402614
69650087
4260547
32621427
84313985
92571405
44695584
60981550
56459728
55099845
230029
65208684
20775853
59736349
43859977
54051246
65126777
76383767
58196450
71190181
78841384
88410072
49954917
3670682
98830150
92833578
76449320
2785923
24691667
20644758
4391661
67946146
40747203
15073865
33506127
41124035
45137922
53870980
11584004
28279577
95831809
29229826
3900037
58065353
21545975
27591527
59195713
91654064
19137516
41337022
54542729
94373737
88622978
8700495
8241846
33571020
13140485
83527223
49053730
34767069
901853
7422627
87672813
11846240
34963648
93931343
7226039
72107670
30163728
35176645
32768788
86362055
56558007
85592049
61260106
70321884
54968747
14205495
29393712
31277868
64962859
29098824
84789241
59949415
59441532
90376090
61571408
89999265
11125333
28738379
21316539
23937645
62619833
54116411
95897269
24887928
22823508
88835649
86607396
73582450
18104838
24871529
8389524
53674021
77776826
14451654
4244314
20283945
16253914
41730394
36012290
27722383
95749765
4309875
3293952
35799312
3080988
35176748
85313056
82937796
16597960
32801474
4539251
64159978
70321935
84559434
4997901
22053393
58753219
69158748
46858639
37961991
83969605
492352
70387579
47923604
46989698
24150591
96683666
38715679
61735167
64127104
61620478
47694210
84231760
50544726
79136737
51707970
40010043
55836687
23446073
60260554
83117993
78989288
94029509
58343451
94013176
12518363
96339674
14779270
86050381
58114072
96929448
38469946
35324265
4916025
55541813
30982818
44564948
35570078
85952159
40042977
47481180
71845824
60014617
80070472
77956906
94684715
83756913
83117924
5981128
56869111
97076828
27001349
28951075
15532919
2114490
23528185
14500733
44335366
66633819
81020796
26837553
71305192
84838055
58458326
25952829
40927682
76810022
11453213
31294062
21988091
45138182
48185704
1278890
58261698
95585806
5309329
78301035
71780229
94029407
28934782
6701998
51445977
71436169
81479435
4097007
27525749
34914758
17859267
43598156
32653863
82478898
19989227
29835803
66961441
58867811
50594023
67913704
35930561
11404102
71059414
83609367
97519164
2819015
11633503
53493982
21873341
50577650
23937695
54870198
26002047
61964356
53117149
50888959
59670647
3507151
77383521
52674780
48957163
49612533
2491426
36914746
38700608
84738307
22545736
21464402
63506396
87245098
31196615
94388667
85311753
93290899
18826498
35309060
28165517
2655240
30524919
49956573
60688310
67061719
33080786
26281405
98402800
2769925
2229266
40830557
58296138
28542336
76939436
38438512
61228956
21628279
4342911
8881337
20038926
96223737
88523011
43042522
25331148
34702942
18826573
42452693
58656556
2688122
98927030
21038354
40486461
79544554
52397894
36882025
24102195
21988627
46433945
69386367
55641871
64112525
78987476
51185519
44074691
13763761
33146266
3949656
45975256
93766128
24446237
97649083
14582965
96371154
46597803
76366079
10486995
27657683
77807830
31901073
26445290
40470035
48006822
20497732
69861544
53708724
44008983
83624052
94142742
5194948
19842466
84410756
10634290
78479422
51316632
23545342
8979477
33556126
29033764
67207326
52201404
66062165
56166385
82509888
1475768
31442286
30541158
57526233
78708741
37930742
20186497
16090179
85197219
22283747
55855085
17778102
3769472
16844221
22234606
78200852
96338176
37406340
43861539
19301863
37471993
69337312
65275687
53413861
89719189
263369
41453224
77070409
37111521
39306880
61163378
2966773
57149362
74662057
47384072
10896509
82526256
45745764
46433829
28362066
18843133
23659917
85606908
91308439
7750814
76103776
67207403
32671001
45729364
11863108
24757642
68813038
68911341
25544050
34326268
40339097
90112416
97222964
57230952
90275936
93192331
65668832
3425593
81789422
54281773
29836500
87801896
71991646
40470397
54298154
78791082
48400378
2065725
28427412
11175311
32179406
9438645
85721146
24921179
39454578
53855772
76349860
4572527
71237909
38717307
8816051
57132626
29934846
49317832
50137028
15697366
8586687
91603016
75612607
72532332
94535836
59115193
12699009
54576641
84623434
58820299
98287760
74596643
42289111
75153710
1951049
77906416
87539823
73908539
80740749
89702407
56854076
96223454
52364925
83607960
1066358
95256778
97009839
40863495
93929706
78791105
14484905
19776601
1246571
98533538
92291325
81248681
10913061
95158313
44123940
58852871
91832572
33342583
35964840
12879179
92618769
24904936
19596477
88473822
87670951
48482115
63637096
59393582
5195240
83247454
22988021
65209935
86573190
37291913
24134850
95862789
76579108
58394318
45664013
40470495
72073725
15484245
88424703
49153874
54904571
91406541
6129053
93192268
70779388
92749888
47744784
91701433
79675760
59655775
45991784
97239069
71205347
99778577
59147874
71139801
78577992
84377839
17040620
38963129
19956955
47810356
96354384
44500809
85426424
32556032
8193421
93192319
88490164
18547945
81346858
78119251
40781717
41715584
19809490
67338751
92438652
68387308
65816047
86852395
69272102
22251357
16713456
48547060
1885709
84050705
72319578
67142168
47842498
66176488
1902087
1082891
16320230
92341150
34407470
12158622
52282677
15582919
50775339
90342223
24495941
19711772
97649633
47269090
42566845
39765094
3491340
32098258
83264202
47203564
37979260
67109439
26920922
14190233
49235114
80102017
80724615
77857517
13829786
30246791
56624426
86999908
43631829
50005174
88539914
81806002
88883999
51938636
99287998
55395610
93569995
80511638
90506046
17975155
73204287
46597285
77349630
27314115
45008077
9275113
31917952
50316438
9209568
6882820
57197829
26068988
27723733
42714361
98583444
72516135
37569608
44074198
47449260
94307301
8439547
60786147
42337531
98829210
70484557
28739388
87983028
73761518
96437042
88884188
83673705
96731985
53577127
87131047
21628882
88671185
23660530
94651193
58525152
84657045
94683908
97436527
9635381
91472859
49366104
14796364
1918642
21694458
48530518
34522300
43467811
93160249
51004851
2180763
7112407
35636440
36275438
60425554
61408608
14534164
53102054
82133544
22005662
58508717
64210182
10126912
18974714
29017956
81609276
3704537
40518792
37684444
10864193
50365924
80560680
97583924
59164001
1836789
20416477
33932526
41993327
74941062
39568554
24971150
71172805
9635439
82805265
98370339
31606498
82084836
9996186
36160803
46204357
67142407
26347162
34030863
28935857
10405783
75400052
90620525
89342552
48268779
91374205
29197997
29181614
33637650
24954472
22152775
71893855
44090809
38405456
54232096
17827340
50922517
7161714
54805595
61817998
43517369
92504743
14419961
83395536
5261176
74335047
93930167
3213086
23660123
47089147
17073714
54609015
48711134
6670116
37078385
87622271
19695210
96780931
65963175
48006551
92340941
51496028
92668619
55591966
18712142
41534765
51332185
42485215
86491775
85393998
87605851
39044400
65307778
69518147
4900642
85787252
96666281
41829653
55854116
37324104
8783856
55608358
32425625
23315994
26494702
63997099
98697886
8947703
31622754
92389891
65422435
55444681
71025585
47514971
16664431
5539781
88228563
57050359
29214252
54215854
32835171
13338451
51053713
16435046
71861204
25232933
70419350
24430290
81707895
38536678
80987007
17254058
37356948
94749204
75350988
11896583
49857867
21038837
94110248
79053571
62932086
10897169
71828479
70697857
3622798
11781898
1935268
40240600
66978870
85410527
35423701
28624509
4736899
72008583
78889853
92406349
55100570
49333539
26428998
81806133
26330692
58557610
67634143
99287612
2738163
55985292
41239977
53675246
47465780
51447025
39323065
62194772
36259277
21038756
90129080
83067675
86557377
5916592
9373541
51791100
38012335
29115985
21890720
64586806
56214697
75449230
14780180
7440263
18089709
70714316
15779596
98976282
75170695
1345515
80858320
16959750
86396204
32246246
79793356
71666762
31607280
37800531
91098490
1509377
13224145
49220342
10389639
65817589
56118083
16484581
96079258
19876111
16173266
7194696
67374126
91131202
42142386
72617061
70749188
42306230
38685309
30001660
9636010
68258856
80465136
98962906
88411515
1378389
83774655
53496692
29477253
75893954
90361126
30165387
73337878
32901564
53087072
49924787
30968213
98438547
23169327
81317000
76385501
86756729
17221970
94145992
73026572
75090976
19007864
73763897
36080250
94490048
18450810
12224729
16959844
77221116
68504690
47041194
12912802
61819847
53627738
5802033
80563361
64474042
63441829
56134453
90180879
28232158
76188914
81743014
57297898
92982539
97586515
50563975
92638464
67947657
15698025
80776280
69258408
26347800
94670122
33360236
54758354
95259967
97586501
44976697
55430096
47549003
61885231
10995768
35556030
82775119
10192955
33770147
89476595
43813428
1083576
54381463
52743048
74779864
94096693
31361390
53398429
8489013
87264646
30886242
86576543
84168124
12847230
36899464
84643255
88264065
84872652
56134556
24676797
45517427
94834031
723136
12126325
37489392
17844675
4262037
30427396
47450626
91671968
14452740
26675534
86347262
54512612
50137635
63539990
96095589
45648474
79957031
46303777
35719877
83676184
68373749
98864396
48941570
68324600
9898106
90213776
90770840
4475063
43240038
86412767
74419350
89869729
47041072
61524823
11601999
33081593
14354911
23922795
76369291
58608249
81333714
23119979
8898954
43666324
1657111
13650399
32917735
34425624
32770274
30869708
83004905
37489447
24037493
20695072
8030564
19499016
37047059
77237692
65915594
99339468
23398477
64539380
77270453
36195097
58722993
42650555
35867410
51300924
44452767
10439077
64211694
75173190
1902941
93261007
41470777
97963154
99273902
67915083
1706333
53742201
51497566
88837146
76844486
73518388
510290
57133631
95063280
55577102
51202669
53283405
44862412
42355686
75927012
4917536
55413286
99568770
93048036
60738285
4639027
31312040
43535343
59362035
47025072
71617851
78155223
13502798
75042301
87985339
40635371
31017040
24283387
34982812
98110547
58149626
5736922
32049255
13568320
73666027
22644936
99519612
96701521
64784968
56609481
38308831
30492747
14747969
2263424
17926327
94505989
80743799
55413479
81644912
35392435
11946244
78073109
91638981
51514022
54741751
59378237
23759069
53152403
8980809
45861754
28887161
21776520
87313649
88460416
95374442
48122649
74714556
47319832
47778578
11651453
95472764
48253741
50662101
72289694
87248097
88624282
22415488
94358600
12650777
12683544
6506937
34229207
55265942
69176770
48319295
82332982
19466441
53512913
56183482
20072657
67931624
70225353
7506324
99355659
77516150
52480713
36326342
4950439
66144796
72912296
25659510
46025548
96504883
35376108
9800044
97815597
81136943
31918109
52447963
34868201
55446195
58034549
15846131
39110742
53676336
84774660
82153195
38242389
81481423
6081097
2689596
63687133
74305142
98521025
79072937
31640514
83267286
54200607
36276236
48646336
14093055
49187014
33000414
55708027
23939911
91213634
264747
96882679
7457351
48204009
50678079
37160973
24611660
19090207
4622970
50563389
92950453
99061720
24595272
93474733
43895003
88657664
15813304
71552522
88887045
32410533
86593380
82120363
26069955
57772321
19450744
90787640
63752602
89755397
87674714
30641077
4950573
30575540
92491749
19909449
36309069
41355293
63670695
27937735
82071188
91148061
30755757
70241878
96997297
46811318
87347016
65980819
63654325
43698405
92344064
40765676
16190069
91672562
41977861
88936395
52726191
12061236
39504087
49104992
82267753
58329579
23809017
73256655
56396239
5278405
39930105
20302764
19876786
84266904
30264144
61393161
15059527
10193464
1182390
75894306
52152766
42600495
29100826
75796003
17304483
24824790
78269957
78712350
25496372
98815826
89772011
33966261
34850980
23284699
32836431
14912095
26970975
903883
47450130
97177347
94457711
22023071
85823442
70520549
15895072
74354365
73993916
97816322
346834
93671247
99422001
89214901
78106191
86118347
24710034
71782057
94768982
23202707
66750731
80760354
90410896
70717121
45697103
11684426
87904199
23579548
98471717
43501673
48728088
4590406
82022370
76795793
50481158
84102662
33000177
8407947
81973233
64555213
30067420
90246775
93720200
25463451
89837125
70307603
74190665
36866331
42404267
93687463
74010459
86789656
51431461
2001705
76320695
36243734
71339776
23317027
29805188
46811528
48613798
805704
81481631
53233769
54364283
79482875
76779487
45681129
23038476
63817882
52267082
14027660
33655130
494426
66767015
31607426
45779418
18434682
62392540
85823096
15076225
33344148
3705681
52971588
68226943
18385512
45943246
12143562
7981825
38259006
74567435
66144397
4623161
67899276
76369676
58853381
96587337
97963615
79089471
82890617
25725442
77008668
20155070
14158678
65914978
64768076
18844303
97799749
49318242
363409
71864286
95686186
20253332
35342777
70078344
40339904
60934152
72994803
82202444
84168366
83480402
79269654
64211068
25299504
65603676
8653619
60688423
36538769
13372272
85888735
79318904
25233987
30870046
75501385
48417067
30001667
95309413
68423640
50612425
92196528
53348576
8178610
17058516
82267959
89640581
34507229
62916627
87969514
83316526
72093590
82726708
27970165
51464398
52365566
25692778
57378952
49531159
12700455
92442218
81612598
37702099
78384961
67522539
85561076
97750588
7375748
53971137
67899381
3345354
94817885
24644230
22940320
18205973
76040329
42471050
99191274
73386075
95455669
26643859
66736125
59314062
82938110
31870455
96405932
68683788
57823083
26561935
8473755
90392899
14306553
75958434
32148928
26447288
11291776
97552893
37441045
91097408
57626432
98568656
46042764
12012677
99060177
9096374
22023441
85412177
20188530
18550098
85543248
46976640
74156090
54300525
83708076
61362160
12209380
1543284
93997554
19926361
15289472
19696965
76777721
72419387
76712190
27315660
60149755
1608823
66523015
44207824
70797388
53759809
91883788
26430738
67014515
73353422
21237207
9620481
94128399
15027312
36343485
82036852
69486780
54087585
13831242
17173916
40095480
86935989
63836014
22711800
21712367
71878894
60215089
73206010
34573990
2116747
49401437
10669070
75925547
20778386
94030122
71354609
25349425
8539191
77285420
71288968
42094138
98912607
20303241
53383057
13011975
20958718
57839543
8981580
59002690
50597826
22646160
53858297
82053163
6294705
31837495
445650
46763550
86231540
39177869
17944010
74549422
63311641
7490706
2051327
77678656
9882738
25005465
3968217
24677790
63164196
31575306
46108241
81594419
60706673
27495767
20450767
87787971
18533862
59920236
74500464
96274621
61804202
26332315
90294383
78956987
98732274
60001920
39931764
25005160
57036400
46075814
41881445
79743450
83904538
95455403
92080225
14978552
7310707
25054307
44552120
3820827
74549587
52874756
21482594
40832839
41389919
76433828
73042288
65457869
50728493
81922508
25332913
65228503
3230980
38342527
64999141
23071778
67897678
60018384
84396098
87083129
78645753
60051167
99682493
46092275
83577269
75073833
54021738
32066746
75090221
42553311
40013626
71797022
8752607
79071724
56872504
52203074
20417641
87197804
82659762
44257219
12979618
44945352
61411008
65539714
57642496
23628827
26184953
48172967
20663363
40177432
75024646
24349709
90753259
99059812
77498651
32869488
33328251
51809937
59297282
26332186
35950507
15158642
51564164
9309464
79382818
25349144
85100681
48631677
38686675
83118441
2100613
99780698
41521111
35065785
84330679
59739708
33115210
99223646
76859680
72239611
72206843
63016569
83102031
94423070
99633231
61476458
42372935
31853604
9981274
12406136
46124922
21056646
84396224
15650086
7589306
93571161
46403336
44699492
23366837
74467745
99813409
74402236
73468340
6294965
27626610
52449016
84822231
24628398
31493177
58134189
75139489
94734456
83921117
75123099
80447789
46075735
69732801
82495745
24022146
9735544
80415014
53071559
11472223
34131963
59477624
81938710
42405746
71289288
2100699
67209722
63540786
40292250
24055662
78449327
17895186
92539776
33394683
1543710
42519684
99896315
98110409
73845366
47238338
55692613
27824062
32231420
44158134
56642936
40012922
81251023
73304647
38243421
38653008
91507562
13160169
93096873
11275915
43371708
91573087
24842071
63065583
42159276
38521979
79366793
42814655
67521077
9719469
51891501
62557574
78449296
22286187
17436490
57707825
53546355
69831277
49073321
20500351
63081866
17796934
23203624
23105323
71813643
94112722
7491133
94407663
61541883
80153239
10620656
15306431
4083305
48745661
92605406
19140472
83462820
93457357
7884327
98372541
46877866
90032959
49187980
8031775
42274016
41274386
52710729
5148223
63999394
10538708
98798485
14864020
40422431
79071937
1166955
91802370
55119155
96144327
78383824
75778810
58461443
12799555
50302079
34540684
77859360
92015611
87641008
63376717
36031663
58576375
65342837
93801223
74418939
74009340
56692212
71568092
90721264
46386265
4443870
82659952
17059750
3739293
77122110
22073336
72469240
87608213
4411116
27266832
1183393
70552195
28610316
21417982
78957068
80644727
16551494
82643542
84167615
48909398
34180279
22810524
74713781
62066033
13291021
86739948
95357796
24580028
19845090
76417603
41258151
10325582
89246597
65310000
37768344
86166523
10620537
31231804
89312178
52268542
43830392
47893564
96029521
62016859
39455923
94669646
5263034
66866444
77630033
4329142
65555742
83971063
11767365
18059241
71961265
47778850
6655643
41569660
12914626
15618022
25497231
58543222
50171376
36310309
61705378
15257592
89180736
91146878
44567993
68356866
33345261
95095481
16650220
65867006
94440117
70568736
80677850
69225274
23776881
86215231
99650257
42683817
92113502
70798107
44371329
57838678
79694821
72895358
99142337
65768640
81857482
64376057
67881784
18468394
76499899
79088512
87132679
89803362
90049122
3901
51301424
16093130
55725074
37703038
53054570
71568130
76925916
40701223
81562514
64982160
93293279
1609544
12455916
42667486
97077919
71289703
77007822
15945642
52776063
86887026
14290874
28937944
34409838
97372841
67832687
81316799
3051334
39701812
74173186
33705323
48401801
89213501
95914712
35212648
62262467
31428263
16650114
63704240
71748410
88558138
62803139
83053453
62065715
31526496
81021783
71879628
47943006
61688872
14520149
23891685
85183129
25841153
88083148
82725728
27004435
14929776
2412466
17911431
84069013
11374394
54938847
68963207
15765355
88279772
81529667
39603708
3035021
70716318
62131230
6279156
37785070
88066705
42143027
24465094
28347907
57625820
86182550
75041728
85002920
52612249
5902310
73223137
70323085
63491189
16568129
74255312
44748053
80857872
52137183
28937853
81709848
27479658
99551782
69553130
26185309
59755610
74992557
76139358
60820601
69274619
49122615
78662507
81300229
20942560
30019112
3182546
43486580
51334380
7638928
35048945
41667990
97454626
81660720
6672279
20319940
6180781
53546183
86493904
46255414
3837891
8916852
89475752
93440623
3428299
299012
26775960
93050251
30265804
83383546
37081655
9048206
64295890
50959104
61019049
29954498
51483397
91936110
13045983
93721998
17256735
30888398
31035843
95622568
56562500
67507227
7589997
593943
71767128
61969296
69915656
76092586
17109281
35426875
67359787
62100377
71570542
66393055
83596501
64017406
85251387
46306029
33837623
89412967
48730835
24924485
52794137
32739790
33985081
4100222
89117967
70079597
62624761
12177658
71062642
41505322
95000058
71013486
63329182
49107636
61264893
11866346
54432607
90412295
15274127
48943757
94836160
37966376
96376277
5378108
32870811
62870480
42832610
40145419
5361701
64050087
44585694
18682219
39965206
62624704
68703331
659574
19304795
91870471
27857366
56808416
40588015
2937003
63066952
23040468
7901430
35082904
80958531
15585404
35967664
7704801
48075336
44192309
8851487
65475452
54858715
46649959
36393609
64721784
27889933
65917764
17011112
51827642
81581169
70538373
90920410
92591414
79483918
10162217
59708212
53351312
86873581
55382925
90101148
41603774
47354390
24498611
54170621
7262375
60150620
20533749
88282511
2461928
89331101
2101488
52450289
40391354
37077
31510837
92656978
91133369
97834253
55022493
36082428
98014475
1659079
59315049
60052343
46502435
5820594
58774378
6099127
4788388
99505411
55317410
82547739
35476204
78140506
35410670
41915018
76141692
91854222
82924556
39490213
79942716
5820583
19943472
30150854
52531757
79664562
22171740
48632821
90248308
17125400
33985319
20156432
38998896
59003554
66278106
36573959
61559425
44831623
65475273
79877612
62345881
17682492
93312190
8556976
74077529
12653042
4428144
81384941
9769389
20779012
42243006
52351522
63050492
76223951
53334633
48763823
14045599
13291904
6557998
69784932
85627988
22220828
14815666
73291023
7180604
18583631
90854463
52433525
36131711
84235359
40031033
75912666
50025382
20238442
22024240
14275005
20418654
68064615
43521011
78960095
80074155
16470411
10146283
70128991
93197567
51352189
70571335
74487043
84350064
954743
17797235
96326849
19599530
89576659
71243189
72472029
85513364
72734170
51417731
78927148
50418329
14258496
69834160
57807598
98538563
78222647
55825100
47715193
45503253
81843524
7262664
24072390
22139130
19468418
82089288
80041321
61690368
36574080
62738963
25727015
86922398
60559916
73799127
22892783
76240185
65065555
32837702
70129053
25628723
68326820
250293
98833491
6345176
87037067
5394926
94032986
32722994
67474886
50401989
42980170
95474806
41341886
86840544
48485169
69539312
35115968
7213494
28430440
35509191
49173300
22925440
48272190
7229836
20369620
50483940
55513769
97244195
35574775
59970170
21565602
60052088
30855207
30167103
20336835
61493855
92591219
46502706
85775584
79418695
59265655
25383810
24286064
41799802
77895331
26497939
90593134
17814278
16995091
65851900
96786389
8819349
47780045
89724748
6804095
95049654
9933450
68474377
37392410
69408258
13144810
86251264
61723016
88233828
11866780
70178306
77174455
57676126
99768284
79992566
28709764
93099967
56447336
65278419
8655549
3559951
50237634
76781230
57954614
3805817
89593616
13177473
72996369
50811214
44929255
26596313
95164384
32019384
40702012
97310617
51335514
84498270
83613346
66015669
23810826
16782179
37605470
14865029
52105587
68933233
41701398
57315591
46354611
86972254
21320503
3281473
96917424
9900781
69375577
98047907
41766912
60379623
67212926
76895764
39620831
59166976
47714384
758407
72341187
12276278
18191236
41767145
59298076
39522510
21681106
23778291
61952296
89151435
57872878
22500298
21025758
33313634
33820827
13439598
80090721
95885087
17781670
23892933
82515521
82548289
99391303
54006164
67196588
64065919
99047253
53318046
42537021
34803878
85497760
3150473
99325776
22402030
85858208
37736576
19747730
67491525
23729070
33820865
80926228
95115111
4018930
49451042
65130807
84596690
27382648
2265849
40456329
55579056
79238747
22647741
39260337
3412690
52171259
46567470
44339276
65278222
38867135
63803682
19665885
9704033
90675088
91264904
8311426
52957652
86780
29299522
75372413
12932033
97408713
39981420
80533443
4297550
62361784
10752949
50057705
22286918
88151637
37359917
98883324
86922804
3085108
18584070
69031680
45814181
78550926
9311151
50172383
5018479
2183938
8229721
50303449
31724227
50401321
31953613
75683753
75552683
44831104
56594546
27497100
7983958
51367998
68704042
52940817
59560122
9343926
38392176
1250088
33411777
35017000
91182672
21664266
15356841
57233452
71407367
26628830
13112193
50205111
1102684
47059328
86431337
97441435
8327978
28037886
7623468
88118808
30282391
61624566
68294473
95835882
44339705
81024906
12391394
66965661
99391116
11195336
96196317
33297044
23663104
5772085
26383103
27579082
20877905
14242732
27841246
14242723
72718126
2872149
3281740
78763982
66621575
7230445
74127342
18403998
5444565
84973207
55480515
61853730
35361173
56299732
58183928
32952934
21566169
74733540
29463121
20353700
56381640
59068433
27513399
71260072
64245837
49566062
791440
14455617
2200510
49729897
9163563
50794659
64147574
66490451
7738323
23646912
25514537
66555994
33821098
93247008
73029621
46944611
82941764
93263417
52236458
45093128
26006069
94557721
84432564
43471147
44093727
36213225
75323327
17076928
78534502
44061035
77387592
6558642
89233030
34656711
87168746
34263506
35115471
3199976
79664998
12489572
15864617
51826935
16454425
85317367
67770345
3806174
4903854
92427883
65081352
90658445
9720702
68556797
42078569
87348933
3871690
8409971
48943385
67999737
98342441
26595939
52515033
77338469
73750426
283643
28628401
40031845
45061799
26498460
14898412
34166296
97440223
21452117
63133655
73715825
78074047
31888888
16700638
33936933
62789535
17421610
34231855
57153344
78450823
90919239
81252583
83316934
26072510
77861015
73355370
38655607
32167376
13604085
33838654
3658867
22631708
49125032
47699600
3921020
70684785
20960630
30545305
37295732
34526787
63100812
7541820
79663342
65968060
95146489
97309086
51418949
53319547
9704652
26301896
78827758
46651033
14816444
86036800
34395752
82890901
79483098
96670116
76927231
85922162
83742864
36460124
67440759
75091979
86118737
22385954
37918269
2249890
34330251
94769447
83857533
6116569
18044315
83284095
58480630
8312048
78336037
65771364
53237693
16012390
38754008
69734591
80351315
464029
2233532
7754967
16979361
6739138
87888281
69226631
13866100
77172784
29037842
82415683
75469013
16684116
69685389
12571668
88265193
44389902
65705793
68980914
98472298
33412422
44832279
35264167
77942810
59676494
40195748
7951544
18306516
59381583
10163293
30397705
9983071
48256552
78893176
98636074
94851434
40949439
29807894
61052787
39884467
47420934
82333758
72732802
51255254
29857053
4134117
23664052
48780854
73699514
13358123
48109118
31184186
78155851
26105194
43128436
2806989
93819248
94687564
78598215
42653281
1561830
34592507
31151405
14898202
91525518
70160597
93573487
54138822
78024792
80548299
76632449
35526415
72749383
76534173
49862635
57251453
78434747
7542123
76452243
42833810
83153365
77386174
21845102
71061784
94539911
78057858
96178326
46405611
29922556
75878833
94998684
57136735
81334752
40343389
27153572
41506628
22451304
84611151
31790240
25449667
54269552
77550034
13555073
49715110
58463788
96506006
29938836
9737673
7689515
92114979
82252217
68784505
34559854
185699
87167056
52876866
61396685
39278384
19108938
41080600
39163711
10900941
98619534
78680542
32904322
89100346
75911679
30741679
29332673
73798119
78614830
74273259
77746469
87789747
89018564
66999922
29234224
30987336
43783945
22648015
31069260
67948954
74240506
63313489
80417116
35592072
24597742
3855776
86986932
65803888
88477915
57415373
62281235
23467214
35772297
58578644
75141587
46438255
65082954
53843608
32953435
39983055
9295139
6493653
19305617
34756522
5559790
36558736
81908063
76845355
24417460
81645854
42456899
30823443
33248318
43685724
51877584
61478498
37836680
36804602
63673856
57333413
76452161
40802239
9606467
9737537
57300669
70308327
99668007
5576079
90984624
30512141
45979490
42555222
67016223
65754633
24302743
1512945
43423600
40408974
93491320
76894590
88428714
7050653
644593
12227907
59627127
55645866
55465650
86708437
17175801
23893869
27596705
23189351
87790396
39375967
76255874
90968934
95949746
91640698
87528250
51827975
43373702
13670084
81613514
34198545
92803984
2020871
27072391
90051393
53302540
66213328
28415890
71815778
99537865
75108946
11523718
43144376
63329773
41882707
77058747
74732100
92640180
40473691
70570498
80614136
65803739
78271120
25860022
93787051
62952832
21894927
7804470
83956548
49452215
56825126
10901230
61740517
80777886
17192788
51434819
99062706
74289722
22271753
67408474
88544037
40326148
22157110
19339074
78025411
5707327
23467788
36230211
51451260
23205647
83710608
86905664
35837008
87315270
59463165
81515171
47699118
52041060
81760928
25466629
78352937
53073322
86053796
4282061
76403200
61789475
95310624
51123586
65885539
99865441
37475497
30349149
88232919
90903550
54531542
12310051
75109088
9360917
71324380
59692335
66180435
78467593
98554746
82989655
81465971
58693079
91460569
60675383
2168458
90280909
77533742
82022993
10081834
16700998
47600748
16996281
9066038
62657917
97407754
48583725
79811081
60052830
12965390
13653531
77271632
31938347
36050155
13932059
47322141
78844515
77664880
25220946
54482413
62510442
44143733
55809414
7411364
14046723
63034646
81531396
32446262
87741408
94507900
83497508
12080742
28006216
16520728
4642466
51041775
85939191
19290062
70521566
4134610
80138795
89559992
47879221
78402140
70816458
44061778
26548064
22894507
98390821
15603223
64836903
66245896
40801429
57742730
56333734
77468256
41374857
71193280
64148691
1824538
77665186
51745809
28186280
9148290
69096215
14931946
90346095
52810792
34018569
77550479
84562459
60560520
32675559
22271558
85840389
8034151
75420515
30103253
88117854
24024655
29283996
51024936
93033135
45372816
76452776
85070389
41997736
70505243
12654569
21911143
6150007
78173059
23238217
30283490
52843530
3954450
45798794
47437287
3315462
13309951
71635824
60150947
46945786
93737647
95900301
60888218
86413848
90100320
57021529
97948311
17274437
25548486
3053421
83137463
53187694
32200355
60429526
39556373
6117139
68162368
33167021
42128853
35493191
81597375
95310539
72864562
34002284
6117169
72323875
85906034
61461700
29382319
42817021
91345408
43898345
48895390
10065901
80876455
46355894
18880085
76780517
2266964
6821650
9066480
95556297
75633660
90411751
55088333
60412945
50140532
61019178
65066091
58905614
29840969
36558243
78238503
39671245
38147542
96621139
13506396
21223127
65852539
68653967
88150744
96670298
51221655
67720085
49927526
41801181
75928357
81220467
9459510
62297104
77501240
73536453
46355816
27874818
464811
99111493
10032937
8820534
32822853
28644865
74552260
55645412
60363822
96031232
92885552
40195551
9803566
98554464
33756611
4184061
49583414
85775064
98046493
9443161
78697339
45323645
74634173
13489922
82645820
54121709
38278544
3954660
67163097
31151618
93917760
60462147
90821299
50255138
30185005
2185158
50959585
53925087
58922089
49779997
78861144
28825178
16111365
10245997
23500437
68686829
15488794
93803119
35788250
95507019
661495
68115468
41196144
70917180
83565811
63134667
69524525
2054163
52747048
14768367
77094039
33380845
9328799
98737651
3364897
48536305
66837486
20814120
81108162
55286620
48077511
64166863
42375834
88546650
67509286
71425122
58530651
36526597
58956714
83369169
66116571
10377397
77044923
25401775
40016461
93380001
42261175
2496533
94789011
49208024
43145893
90496345
24369486
46144255
49961659
6002714
98852262
20240759
46832265
12621955
96329209
81697944
29334008
28121572
39066141
9459931
84892993
28383715
93216218
25647570
24975658
53664618
92364248
59333587
96624025
20158830
66788255
79944870
104550
94461385
11606232
6854658
35412598
90512655
71867426
43981556
3872855
50420588
12097750
28695002
35576429
89283873
65002410
88874299
53910350
23599376
45734595
23681300
48634520
16537725
61987635
27072795
16128113
56450010
66149241
46340682
69442730
25549070
13588548
39148251
27924772
76061703
19782050
24599032
39721678
33511786
32971105
68721806
78502966
77372417
9312275
66820965
97361234
66034544
34282147
83156061
5347579
35101369
21993983
75226313
79125506
36690585
97115518
1923236
77143075
19650967
9328691
1104046
33216824
36100836
14440479
99999025
58579893
67951813
22714775
21059985
35150536
23534006
14768179
7493798
86466032
89365896
88137115
11032692
11819112
55810958
41933469
19110341
72621244
21649830
10950731
841953
59890529
11556931
59054961
73587860
86105559
48273945
52091872
99212563
67214586
67411194
77880411
58088329
60496538
45996991
50452995
21354567
57023074
99884273
73194836
13900252
39525207
30087366
38902622
90135628
53287481
25221271
77061519
34413335
91462764
37018388
8001882
15964626
95771799
15866326
52369977
4643169
16751058
46996451
17963042
66280128
59071153
51141178
71933298
26450093
88808565
82992589
4086142
51042891
92511425
14309789
60742361
8477129
17651781
93969618
67280201
26630363
36805503
13851036
34036566
40327989
13261209
80403865
70475111
18241602
47127450
23730236
956756
28285171
26974407
65313465
48978870
743766
81091979
1988985
75898337
20519006
48536468
47192992
52140651
72129852
14719378
98393262
78061009
10164707
60594917
67017351
55351862
49126295
8575486
235903
95821000
24188942
43277078
93232138
53107362
40623073
67820934
15194487
25712666
35740595
14719347
68033946
21682399
21715153
84319386
89906375
83664227
75504928
6674884
51747505
33052766
43047735
51731133
41114567
51272376
2906517
40410068
39230440
90021021
19568873
43162449
2693610
82025765
73260436
47831829
41704370
15014187
35920875
88448149
67788251
27760757
9754950
907736
81665286
56367748
1038805
56957630
79535462
19257593
3824103
68181454
16652574
60725884
68689402
89775291
87203025
92249242
87203031
86351061
98393134
57334430
53041886
36723656
43228011
13375797
96869434
17570033
85794584
16177907
54401336
48830688
62790071
79781581
15768316
63461830
58775951
71245359
9869959
89399109
76144282
68345350
1546752
19471152
17406738
47438031
60234122
91709289
25090910
28466066
35051573
74227273
69950989
18881294
51091749
53844231
60578218
7576133
75914939
90873687
25238460
45275276
39917603
89235221
61331939
93560790
87629695
45045992
45881588
82222765
19733345
82550436
74292770
78782177
76570312
1776193
9591496
23698227
20863845
68247114
56203522
76750543
41588775
84041574
86761295
56236349
50469224
61839811
19520324
79978154
49125532
11999941
72834596
42670328
82452126
7543304
64264623
10574557
75013637
51812713
65919341
46684233
48830570
1628828
61331747
5675738
63543622
93331201
51861893
24189922
87678895
301724
25680671
61299006
79339040
3300009
74505963
6839029
21044191
12835421
84008862
96821092
44668938
79142419
89432050
42719271
27368207
81124987
5610234
67608246
51943851
77553194
70983299
580272
31824732
72228599
67017026
52140455
18308011
10328608
98213732
34265288
95838066
45537392
59791705
45357156
46159889
57006519
36591866
22551436
86695935
18881526
50551259
81927736
18701248
24173487
5200558
2710218
5053102
60709243
82304527
40343695
29678382
13228581
72900277
81468982
75030154
40900738
33659122
34347256
95264597
5986978
33348359
74014358
2022174
76554130
74096494
8477574
94051987
76816284
36100399
43325855
25434766
23878241
15162345
37116199
23321202
70295329
18553354
2759480
29940442
73752433
16374766
449297
36018493
94772926
57989226
10181563
15604684
46176739
90644035
86367756
29235860
36133131
73588558
43637172
44784004
76554144
99606239
73932636
63805691
16128961
79355782
62036111
23353946
22551143
18586203
39131415
37509503
61872371
35068244
54024317
26483410
82616230
11295713
90578472
54466672
41031970
34855233
88415767
79765394
32463545
20945513
35625287
30497418
61970668
31169157
98721469
41802018
16423834
23517698
65099910
76423142
47225273
77570034
84483687
27777749
69803866
47847855
31267498
79781821
29629112
73572127
2595672
14326693
2005857
97509040
31988330
61347884
38312384
29497931
86089384
14293840
27220501
46340424
55941317
88055471
54565075
93347336
83910296
82206591
9624328
55974092
90267388
85991040
55892212
38050277
29842021
5397488
54745318
66721885
41965867
80371559
58824748
87432859
875424
84270772
13458302
55171322
30562918
61118480
63821946
24206025
6822867
95280662
54089858
17357492
1153964
19077857
49928497
68968406
76193604
25221712
19340023
62101602
35494348
34560477
63821851
74801058
19372799
73736124
44112251
70000630
30349845
51583177
35494337
82714419
16898783
85106381
58153107
11901778
25287270
7642012
68018150
12082003
53467331
87187165
36854211
8199050
19339999
63641650
52418789
87908033
89743015
84908302
53911351
32136683
41639545
62054325
94378409
57810809
88430922
61792161
35905074
18062594
60252037
23780729
14212299
42983068
5495879
37445165
2251828
1530880
36019772
72161366
78534834
85072142
70293521
50454308
7674960
77699206
6708289
71522410
56090492
19995933
18095416
37051931
21355893
27073964
43703976
31841750
34758177
37887610
41983675
13360368
48160482
75929785
35872284
11476206
57745200
17194308
13573260
2219111
20585841
29482378
55533316
875584
21765377
73783336
26697157
3529825
94247371
80189586
11476215
57024318
46390937
30825869
9264337
26549706
5872697
89839931
53550928
21093666
60284914
16702616
85481841
3185754
62660567
47865524
88447275
53501760
66723723
27254252
1367143
13884576
62316480
37871161
44097243
88856885
38706894
59055879
98146650
29121855
76601367
82401376
77436946
57516002
39165637
69343411
22535620
30481732
33234286
70195383
68966532
53469111
72816846
8985620
74930410
22797765
47750781
19635587
70260892
76929082
50257487
1219747
12262408
31923538
91199960
44719635
29482363
2612379
30956824
74684594
87218672
29596928
94755169
63053575
70981884
61808487
37854857
77699177
39919272
49241638
83433523
36495079
83810352
25959747
58695599
87398886
9854021
99424570
80386071
71358621
48143872
21667220
67262685
21208481
58646422
41868951
1957111
42786407
19652038
15277063
7642266
35626736
90757528
65920796
11574338
12557388
92150157
86907357
84318716
66707207
71538876
69638438
26713238
80976337
78567851
25418886
42016647
33775364
41279359
87529531
76110212
49389539
2186546
8789394
67754270
37396258
27499706
39214924
25418911
38018906
25304226
84465704
71145755
87758869
72030565
26451133
50421294
9952679
62824078
28056727
81680869
66641604
38035322
23871
15539666
40279897
83515839
34742107
63987330
61841148
38706970
8789459
449872
79288814
31825085
16653732
92805331
70310252
84023390
71981335
2465146
16866400
99522698
57892373
61497037
34103141
45031361
87611478
32709788
64298682
86792259
10608081
54550067
54402632
1695072
70310218
78371287
22928417
54599229
82975090
65511014
60825123
50437767
91363573
77371675
15818105
85285021
4742592
99571837
56925942
73226703
48799611
6282697
88807635
95983649
13655369
99227723
65347143
82319691
25386022
23174343
87709852
19700874
22027511
63463023
76421414
72538616
86743168
35479473
88299757
21322996
79010049
64872043
22224101
14769497
19881111
29219844
66362957
49962817
35790751
2612710
87169264
47898393
72866195
94165082
36298720
58367665
85268697
80763166
69097932
46767898
96901138
47898369
24042672
69163518
7544209
57466504
97277995
52862670
8510827
20225246
21961918
78600541
51928811
52780764
67623420
78977353
17407223
68868580
78404268
44473511
21880652
97409996
28368819
68835870
38214721
65396205
47537375
3612221
70474302
31776747
73489006
32235513
30007261
10510006
28975011
65641971
90430332
81206007
98638787
75242072
97410026
72260203
79420049
83745494
16867117
92166995
23453512
60464564
20799250
77077175
98950090
95755140
25747387
68164131
93494182
42114228
78879371
83368641
87857925
59645364
75979453
10460833
81058452
29581186
26189774
75225663
19537760
679489
26697691
58990025
65789370
52436338
34462814
8707792
59317725
30482308
59727321
20864873
41655328
86874992
42065116
3399249
1203825
90856204
14917259
2219592
59022825
5070368
10510029
37870640
4218417
58793459
30597024
11165405
4546108
2317918
8937207
66411893
38132933
73554656
70818491
46914638
19963830
6020818
93182723
48733299
8576532
19455935
58809627
94247680
34544814
12607077
29302554
2154118
3989142
54533611
62741782
94673679
80222820
25845541
16981938
89267168
92232653
46816377
26976047
73767633
35904660
10903070
88415228
20504450
74570445
3317388
21159814
48798764
88955787
21454721
28729201
25501506
69409508
99293986
19636192
49454143
43965520
62414198
38886558
32972583
27221839
63724829
54189547
12803607
69917438
49323046
56630712
20471778
68033235
46291996
69901044
40623284
23273349
27238265
82762246
81467955
59497827
9887359
29400873
16113180
75602538
87923664
71801524
57318815
20979637
28614467
52157922
56516007
974577
66116848
46570944
16850439
204548
90724960
13524934
51272706
50977796
58940557
24845928
61152432
270098
63954135
33971486
40082811
31301316
93952640
74275700
28827309
50306531
25550500
53566485
45391261
11837342
12459918
53648386
78044052
11788167
99506904
93821600
2350875
24567375
84040249
69114718
96590466
30678684
59792600
57023535
71015282
36691301
62463214
90298937
69016388
50781274
48324030
204636
12754851
96197330
59071727
81877903
20799049
49798531
80452542
51862624
7003922
17604208
13639597
17489527
35544416
97835607
45292855
73473001
28024354
67132299
46718277
61840417
55794909
8079
78469922
3907508
61578276
35954100
38886851
79944533
25239067
69327803
30219862
38411735
65444987
4169632
70900646
88185570
20160144
17587887
860073
79387422
57679063
26435124
2088888
20143764
19816070
23649985
26287672
13393765
10608395
99342919
19930752
51059896
25189939
73456596
27614749
76733227
41754052
93739567
7561161
23731927
85990045
5070832
4349827
26271313
44047714
99277358
30236168
90528416
28974716
68639696
78502757
8593224
69917670
41983309
68721608
94165581
26402371
57613500
14016258
36724200
22961799
61758581
171999
48864564
94476924
94968439
5955461
55762061
35610111
69344195
82057990
14376761
83712798
96803361
79993634
80845622
3203032
35266039
60611694
47865134
66100231
37117377
79862584
17981166
93166192
56745116
46129852
65758184
73344091
84976917
74687605
7397496
42001033
3727409
53207841
71361611
40788579
7839847
23208304
72524865
17686809
32596452
96970193
10936509
19177791
40739446
6103105
4513883
61727629
85484857
90350912
36184588
14164208
62645142
54092567
37462538
12951798
82420957
93906351
83944760
22307182
2465895
29630851
63185795
40657451
78488801
74540064
16687275
85828938
23519537
65905588
57041724
95118837
12673182
70509676
51848055
30876086
44589769
86041924
7020558
96675237
89023785
35414637
15605919
50488176
28352966
37298754
73671705
41214710
63071040
89236946
60515096
95413547
85255570
38675141
38871770
93873427
13836383
48849508
46457417
92333334
30695747
39363264
47948352
44163585
60252982
51782583
64267127
32301391
10969091
42983974
24306139
11952152
32170308
30204285
95855877
46965375
77390889
55862243
38478579
1007797
41820866
95364371
20832641
74196140
94332255
73491621
663759
50111033
18063829
75474105
69133528
75981889
75834434
57533351
87074298
3268861
80126987
56255380
92497235
79193192
20718060
3629285
72803458
82551857
40821428
63955733
32891182
97412369
40067715
44261954
73655426
95888725
75965548
29516079
3449051
16769040
48554516
93250943
72082617
336113
36119249
90432916
12607544
89105843
27123869
8233341
25993358
38249283
7659888
10985890
93627539
68035847
8282487
36397861
44426167
23257206
66822895
98788599
36643636
89941116
50455075
25043034
62513821
48751566
74523997
31056116
59908797
44245906
73966938
32563396
23879770
54715006
647478
76195274
64905884
9380301
59548366
2138467
86107234
35005266
35201885
86729836
69166418
33120425
4972825
35971965
5005584
96101604
61694706
4792616
10641856
2531650
34153312
21438508
23830532
6709526
57582110
92201999
93512929
68412774
87843915
52601435
75228420
67806581
47244207
53486257
24322290
11690293
16851081
89859283
62349884
28090403
90481899
64725576
41706479
51487366
25927699
17981576
1515917
95233074
4252128
51487410
33398878
69068222
15442253
45081351
2859395
33842095
67151275
11804952
36496258
8872232
4792824
7184860
98198633
71869950
74098140
78783748
23879892
82814294
39134188
62218760
3219953
41657272
29040760
20390131
46179078
82601254
90399918
40018867
12542318
69953017
57287352
97379358
14999863
59433566
62546542
51585735
73950652
88302742
41886633
36627449
57926315
63005212
40919981
48128768
62349911
70280658
53076683
48653061
4235685
7184778
72869296
44376909
27287626
5939639
84157686
13689122
9576801
83141895
29450293
43934570
37970870
2925017
33038349
43885413
32710667
86844629
98001966
59630199
61383251
73999767
25370749
87516982
48734437
31581154
3072552
86173477
52912416
61022633
6840931
80013000
86075181
85075743
14262999
63103437
83732204
4153898
35528715
32089084
94283656
48226502
90662781
82323189
860688
65036736
91236181
57942354
39592058
4743791
19735306
1303098
25748391
90515285
26207166
80570108
98609106
42737854
84813626
81798869
32842691
56877404
20800381
92104508
91727668
31908783
17359684
78997240
82355879
90253102
74982952
44081395
96151535
53682532
24601376
90384180
1073738
69510778
56615231
33104793
73901573
96610212
5153321
33235863
75507436
88975139
94496718
39395368
3564101
47210659
31515540
61055445
6332955
91383565
79701568
55878096
81307229
59728136
50880911
9445914
81077854
25371400
46243917
86976417
49848438
49602682
5448386
34152600
46047277
11199038
71214763
49799265
48242806
90630129
97855298
48636028
3056309
44834867
37527715
3547798
89827320
52846981
57516494
74311371
89303035
55206368
48488521
38887677
18785202
59760959
33906868
75376332
1352352
30597991
44212245
12263939
24683457
62595330
72885989
11035157
81684064
70641290
19669907
35168472
6300322
25649988
19391458
53584375
35201232
72640158
6660777
8839754
79423092
34349278
86960124
37920912
52224462
75605591
17212369
38690967
12591642
43704385
21980051
94316354
2941681
8888920
82585139
31728391
35741892
22946744
49324054
93251432
86173637
58745193
25453422
76146275
83781139
47161377
57221511
50749942
66117888
39444649
32580361
62939450
47357992
73393827
79898173
81471012
26436243
33170169
84436491
47931857
52256791
98936558
71198514
88614468
70215456
38216022
87893548
10068874
16245731
9511815
35791157
21979736
62169260
88499806
69216060
82487287
60793019
75589542
12034960
19423744
89171576
15492037
75343700
77899663
41279814
32858817
1647404
63217906
42459582
53846031
79013769
68511531
27206304
42377670
62660860
22733338
3711865
97363596
74934069
28254954
31154845
48603567
51290178
21717511
2679653
98887337
46702982
5563163
30679707
60907763
6497072
31023757
52240453
50995285
26010323
6775556
28091080
37495129
49275274
49930655
21340717
10691531
64479423
72361785
55795768
78424003
44949982
34382202
41394445
48931221
12428226
79996859
23208673
16524152
1762205
4580290
71854031
17179279
51355778
80553794
40706553
78915360
60448783
36413884
48685438
55435479
36217266
85255856
29123099
12641132
31646284
85124796
77276971
34152889
16114502
65970266
56893649
85599919
76785446
75081679
44458257
71214983
44212504
88041089
4924405
66183216
72771479
11019114
43180368
85927645
15475503
23454374
23454368
1254358
80930586
12641032
11330404
38248846
42131785
95512191
1434587
35250633
68888523
5579652
17392346
23388849
82077489
48210184
59809866
64069645
83535655
67545048
76769100
58056855
65937420
68806651
85583610
35348988
10429302
1942516
49324315
14852878
33563117
66134046
81012539
97117753
83289863
72083388
87074505
6153123
68659176
66414580
88744267
36890161
9806992
89153878
46999242
16213245
79864009
62302141
8234096
6169676
94822837
94708157
46081700
78635185
74866775
72605810
13509868
70393872
10396860
9544882
3318801
34219566
39233139
66987993
70852625
77734030
12313750
76275878
43591348
47949551
81322222
27370907
34924078
7136343
19309851
47490794
36398612
58287929
4236289
99180968
79307006
21030149
55944979
32400809
84123983
56960811
68280414
35858035
47392387
98820530
16704685
3155046
84287824
17638746
14935226
11199691
34842225
95412675
62318534
9954531
54699830
98099630
89071929
86991192
8873215
19080537
67788918
58877951
77586656
6382816
49702516
65267553
14885984
75342073
88334789
43623967
61925175
56748011
67053429
86368687
89907664
39020248
45246015
13329477
72540381
97771842
95904037
27288884
51570567
89350603
90137030
12018731
61548343
37349029
22128076
21767635
14640255
84861359
65857352
14361727
53897107
30123372
22439420
79470608
58353621
54978547
8217803
24241608
57059288
47359596
7627956
5104780
18277847
27698531
85795288
63235842
61532013
9512025
80420867
98918702
49571384
43263578
86450664
75735123
23619002
98197768
44082802
36529918
29386004
35464900
78848105
28288373
86450685
56960953
24470952
76341357
3384529
27518272
2548933
23504261
17049056
63399714
13919283
23733632
20932052
71164112
89104802
30729508
67182833
40330901
4220083
7201944
59385727
31073580
35858139
17262078
71164223
68493597
41019257
15082988
24765555
14919144
75948429
86319145
85663767
63022799
54617678
74637693
63366870
53470782
46655445
92053608
27600048
71475540
39790408
31565050
85057548
98148602
89874556
17425454
15721922
39151483
8512945
11003286
8725943
60778157
22504548
69886236
79290767
24519759
86319134
73818461
11511187
86663190
63940338
61400726
64153234
18490459
50701895
37021564
46344075
38692615
79471090
40937248
51717702
20145253
12346859
30549130
92954834
43722691
95985891
63858322
11544045
85598279
32089268
38381352
86319174
79864230
34531176
74424585
20718683
3171672
74359045
26535137
24634382
44574673
68395369
72982821
71000391
28746952
2991533
6645221
29008953
36235180
19408045
41363442
34727830
28566590
76210437
5268931
61400637
41625582
57861860
33875859
46671696
48441210
21882071
8430877
87171247
68493749
79880546
19276935
34170796
19440782
33006673
66332243
63907431
95805465
75899178
3794324
78618881
12658030
15983939
20980978
90415313
13755749
88055946
91087067
7972289
54585083
64759392
21144830
91349196
85319850
32400465
87105777
25617478
92332100
38020992
56731303
40757162
75145650
78012778
79896845
62465655
15918396
58107557
56895152
86909178
83665195
99147824
82108733
57009852
64448013
38365074
98705465
19260667
9168212
36202487
90628229
60270195
67036696
2614721
64300594
40544135
52029174
50980602
18212070
43591532
5744034
92070026
88170681
52684507
4990389
19621073
95232083
28746824
12166841
41444472
57288042
51881238
23701354
94806947
92857231
89367384
5973584
63219144
59303300
3122723
5072451
47883476
86500151
5056092
16738029
18392845
87728943
45950117
92431267
58647900
35136570
33531865
77636231
34235426
10495625
83813074
65103311
4728441
59565502
2762265
94217128
7988801
86713110
12281478
44950675
99410899
28190609
5219855
83583675
6792739
63399297
33302458
10643177
5596699
66069950
14165640
62367206
8906453
53323131
97215388
26912717
30451591
54912285
71475736
36447350
7349807
27781112
85386102
24684312
57091331
98231231
64103864
16115359
4187733
90907392
49669273
73359923
42296552
24717079
96838571
27043827
79487699
7136796
19916639
30762916
13297337
59106802
45409484
3499597
90612508
69476959
49243281
88974131
61383976
93725461
62383412
79880769
54076858
97035084
9086479
32139116
97739605
84714379
56042975
72278727
40772839
87385022
16737906
73818859
73114324
68084383
97362783
51864962
36431038
43951112
72327895
76128784
65496445
10905149
6711035
65316219
28239630
20621208
13198954
37168276
29370213
6694595
20965265
64742763
77341228
93676327
48931922
12756603
79733369
20277129
27125537
8660537
8595005
32466769
32515919
17917907
83452475
64627993
45245556
79716870
31713060
81306143
30942992
90055572
51111360
93233987
4515467
14099975
47883274
20539371
88302480
34710725
45245543
79061601
75227820
64857348
18343884
87696358
6121090
68608759
25831273
15984151
4892320
36922591
28927819
98525995
67020043
69608147
71754419
92857214
45507658
57763215
62448967
9824150
3974970
12560311
20948529
93414017
34759939
435991
34694403
78095295
55764042
75391847
12740568
34563349
87499306
41477477
15017979
6039363
65414343
40609097
78226317
69853965
54469659
93233835
25175717
86860293
88089193
51078176
96527084
19555846
75506605
99476163
23144018
82650069
18130479
18032174
47080945
99181270
30434960
993098
80569226
4974348
68248409
19277421
73556783
56222740
72311554
92742346
80208776
65758395
25847514
68117343
76342237
64349313
34612550
72524554
58008596
33416863
6399749
26257140
44017147
69804876
30877361
33007248
46491053
17720932
76686329
89973296
98574989
43230695
53994563
13592506
50439289
48145828
26535662
47097269
13461424
8677370
50046340
14804835
23668459
20145840
81797988
59499532
88138442
12183349
90153683
46769478
38217175
72999883
27698736
79913812
38577621
60498945
73491453
10151684
4941781
93446705
53896343
23537349
57599181
77341503
81830724
33236574
31450745
27289095
2418563
3647391
50062672
5564411
11708189
48588117
22472423
76112696
54813943
8349642
74671045
95691276
16525120
45688068
96658047
21489401
54584575
54306044
23733931
76243789
39757209
94675564
63857669
82420517
47473925
78504826
63808532
3057655
68150229
50734299
8316832
29468190
75293596
10905414
66888733
60089462
4450208
23881359
94446149
7284618
65807369
92299880
31794700
39364019
3188702
61744193
47146303
27125358
69919708
25618032
67429362
1845227
4319161
96821821
58975358
97624623
84058876
66563059
81636568
42510991
68070402
37956174
99233255
82029805
90746232
59976579
58076004
47065818
35285519
56732535
34155025
58698597
50195168
10070148
65924080
91991397
65563638
25455003
23783754
54242073
49490641
55864178
73329784
12888291
55716734
48278220
29436397
65907648
66612182
62073731
56847187
3991566
25536951
90271058
42855097
44329617
91827535
76639401
60517283
69528601
36186647
60156885
92761542
77294809
37726843
73788449
30583191
26454486
63105924
63056772
45345525
35760744
82537632
39791122
95645180
16017573
42117841
9005276
25733597
13297820
4876306
82554034
25995733
56830777
27896307
64121742
38644268
9545973
49326742
36399682
83520656
65252232
64187327
91827476
64760754
7497756
85208443
3041374
27699671
65301398
59321338
33270158
17787255
97332558
76442637
65497954
13723735
83700853
90451439
9250817
54569933
44231217
65514353
50359190
82111557
95857943
89107949
42084896
45754905
20212112
86896010
89222648
4794592
67955873
97250662
6351056
19376534
87649677
23341521
76868641
50490292
45623822
70495364
18983323
35760794
13330551
94317917
9414732
72133769
39643803
20359672
45918828
53111800
68857026
61500274
4253848
8169639
67693780
26519925
17869298
81292347
71445669
94760258
19098059
37284563
94956867
64990000
42363510
29288782
63613752
61909828
68381927
74247318
95382868
64940835
71265474
99675406
51457006
25831797
59566733
36842288
30714067
40430432
96496846
30451934
33384685
30615746
11659688
30435529
7547240
4729171
72215889
30140628
16427482
31238398
40266565
51554871
1272118
41823064
92744864
51030573
58370653
61155981
21964903
16542166
64940788
20277278
94612622
88435828
41020226
91221082
77720980
10234282
34974498
93088948
73903453
50440765
57764428
8317247
9595344
81063318
55159306
54258296
19523695
2582893
42609606
93449436
33958743
50211756
28764386
93711553
92630224
75132205
31189120
66448030
53242439
4499759
88206380
43052000
74214685
95775940
34073462
67677562
41003781
46902205
82210193
23701521
1436013
98364580
81259950
13576629
40807189
26552553
68595051
53078612
25733367
79998276
39414745
87600314
28403762
91401461
42265358
10692911
65661541
46148432
24914157
33647509
53963427
7203313
24668389
95530002
59337261
1632701
9677108
13412711
26781747
20539541
88157423
27682824
84896928
67153328
56830674
57846464
13363583
69692818
11888896
97774692
47016821
20621444
13216009
39857057
26978393
16525630
33942466
94383208
93432925
846273
61516410
84962496
17246420
32368702
46050154
45067130
95775843
66218536
26814530
2894320
38906805
27682895
89435322
19867840
96382033
99478557
79048007
36826048
50064136
90549398
99494936
51342073
19933386
83078409
89959584
88108223
84978927
88862538
30305228
3484215
51521814
69365287
36251681
63121867
42903687
97546202
14133980
4319825
76246687
26798991
58452332
31009729
48277753
31550460
85552903
12905189
67956271
6810180
40446029
5859965
40380494
42068134
15395522
38905976
94318517
28814236
71315054
9120442
47507686
46016649
21228408
4516479
35039277
11774600
3942912
58648898
90943318
65481125
36038753
92450762
7006754
22309661
37054591
21932804
42494147
59664834
18213702
32467896
32336820
87453546
93106128
37021801
84471637
79703710
54700320
80522927
95268809
44951749
94662605
76984060
55814457
79933096
75902698
50112656
25684968
48769177
7219741
65759646
57403667
20130634
65661328
15886984
35924056
31910810
53127508
48883817
15690350
67432070
47360086
731790
29027122
93138693
63400268
88109004
76688926
74215136
32009062
31566703
30763866
55421405
20212647
11741728
17853315
80539231
3140281
6318838
79720024
40560882
88747987
15526517
6548223
7219955
1174158
36202633
63744365
48883789
72691441
46655586
39332094
86028168
38906107
66365790
39020798
73182963
58272201
66578755
58747188
74526404
92106693
63777140
68153014
96808826
55486856
3517181
13609472
10906217
43706442
53946855
44787834
12429932
51833284
48703540
73019023
83504684
58861908
53144060
53340661
81161741
58157483
83635744
5450380
88977320
83144210
39184575
42936419
92680042
48834565
83980268
36268228
78245446
50210830
24423302
99512093
12380744
57059728
33073921
90845072
79359552
78163540
84357115
1141487
30616364
71364421
96628427
8645514
10709929
584453
50980870
49195515
97201873
92253797
27257477
67579677
8989586
17574423
37153066
66349288
64645316
80916429
80130022
48261569
43379127
73133945
31206137
45836702
49457623
18606653
87010825
68546355
83324880
58353757
48933314
33008350
1485628
36464903
91876946
13675516
33450702
57026646
18246183
20605453
37021964
87764481
98512611
45738372
36743437
64088303
44525977
5008243
10316706
5303059
40855851
64628882
41904437
84078158
10775540
6499123
84569690
60025025
62171367
81719178
71839517
96300775
75231015
72134417
47163793
68366198
20769369
46115288
76787700
19966551
82128782
29305554
14494637
57616412
4696883
15166353
59287792
29387449
9612267
63531188
71184193
22489640
23325410
98889319
67743628
53340328
35776932
54716613
94252566
19753636
83799927
86879911
97562205
53078182
5647321
95858215
2534327
45164835
81162048
97513047
5483466
55322834
48605563
22342389
91565777
3042187
23079623
42740011
91696861
76443429
24505054
60532791
90615499
24636122
57452764
45869321
28125720
20408962
47901036
2206615
14969683
31648344
52045991
81145704
30108171
10775398
51423442
33466938
59877463
39315856
77639531
50456778
41085374
80949022
45607290
85192386
64989197
10873719
49932587
82407226
3222498
31631927
16182048
73297801
98627130
29747742
93417037
97103383
46098785
17607378
51292369
67301344
49228044
8694624
15854356
47638847
11774815
74002309
97381921
23669380
21621415
82816768
39561643
12921653
26815081
68661222
15739649
49621255
97791526
4467639
87355073
95956557
4991929
35170799
95874638
21588659
8956786
9595752
47376681
67399674
46984911
88779081
84666637
45117110
53702452
56258387
48312042
52834091
36793916
19311915
89663831
91777399
11381949
53948199
67495959
44297911
92924319
75442276
20491555
70903845
3714085
42888848
82077895
14314745
60190643
54570854
41021015
27045307
52981508
26340796
88418667
26979764
14183671
86321429
99887557
83306693
66187207
88926587
72329334
23539036
23801173
67709000
97200522
51703637
44920553
55160588
64237468
18492754
80947354
48213652
56667948
13528195
49311421
27602410
52047701
66039742
39202309
77015234
74344504
87976296
27946493
89581838
41872932
91466025
51490639
53112648
79489246
83798168
13790394
76736760
49786524
24063235
36351559
60714992
39464501
95021534
57536282
30600619
37793337
34795112
8760575
50474872
94808539
79227077
64974752
33713795
57487340
45706811
65892207
54276024
68249748
23899622
58257397
29175085
58765073
15461502
1567873
34483865
42249757
42757655
30059860
60731136
13839475
86403463
31468866
3910814
37809897
9497658
60927754
56078330
30748027
52359086
64778092
97954149
25177399
15608918
90483164
34827946
6679768
19967472
82978864
62992133
73279642
63614734
6909101
19295715
51785681
38317711
71313544
69593324
89942417
73246864
48459308
49065532
5893256
4353168
89614721
21720465
82061368
18492922
8678501
97265962
48066106
24341908
35368690
56225714
47050278
67234026
19017167
5729464
58683279
30240060
38874787
74557572
20852161
82242020
64024279
98953442
18115613
58650226
45985714
77883828
85125122
48066508
25275536
4435280
63778520
40808312
47755200
60321411
79768031
75966886
76605874
86583307
34139947
80898549
25652384
27782272
88041494
63483618
75458899
82995679
17919015
90171496
80062974
80570867
30141684
4091262
36745076
60337884
53292647
53112420
60354249
22539270
93524
13397401
73705778
65679037
3943787
12299756
4435227
75917791
51981890
82520503
26193107
18082930
76851701
24701980
96331995
79358428
74901777
58224148
62975662
79604170
59862756
39628577
35794850
31616103
18934951
32763003
24440060
47673180
18279578
86206639
62828083
10808618
41971474
68413831
38531038
88369373
74164721
11971885
79456540
53210762
48967501
26389563
71494120
7777753
64302696
9202994
81832287
87763076
77605216
7876025
48115478
75753802
22916247
31730735
28437628
66465337
60157509
42577752
28437603
17853635
77523274
89368710
12348778
3091959
30485516
31796282
56438460
92973166
16919783
847338
51752690
62271071
44248905
52391667
84371691
87648468
63483430
73148844
10136936
67938814
35139563
97101885
13430074
72575403
33927164
62746180
12954942
13856040
97151028
77736284
31535072
23031646
88435524
28848061
5484117
11054752
84060942
66448889
63139279
46509270
1420801
47934669
56192335
67774992
56733050
34024487
16035541
51981628
19984149
29044637
99429317
80751353
47459583
19902211
72477311
4501108
73853527
86797086
97135608
18411307
75524790
79276686
56503654
40135773
64007660
58125640
6581850
56208665
20213620
58846656
40987700
21638925
634433
22802194
32468898
86305643
20017022
40856608
24670007
9907908
20262754
67545692
81996473
33353639
9285329
94923720
13414057
16854888
19001164
64105919
63942048
41217051
22196002
79309518
85076838
65793438
6876703
5647918
39283757
17887084
99969928
84978542
79751870
68807320
70707892
49294451
17395594
43805720
35826855
15642217
49671293
20311999
30879578
58355189
4484820
51686790
3436199
61566270
78490168
38284497
13430357
13151825
86272959
24358893
92367647
39775486
18575289
33582247
40938713
87010181
1191614
67038547
38415588
71330542
31764308
54930935
57765315
27553558
634559
24784844
40185043
37383298
90991575
39791844
40250587
29028103
36744333
55160308
61025635
3190512
48589860
5828250
15527470
36728051
38431887
99248940
89959316
94137173
83601970
62221692
14790189
65891619
13086217
67758790
68463323
51473856
42003538
38792348
56225167
42216540
54455783
1339086
91417513
96349027
83651106
51162579
21802925
36859088
56372670
86846414
44395590
61189441
84929515
7040655
95054671
64482610
92613474
70757084
10350198
40774784
80996899
44575836
99019550
66841858
60501345
74721935
11939401
98101976
14643164
10071965
88615488
67726081
7450489
68692755
64908498
94972583
12201898
896796
46656982
97594051
56929392
70085432
10514361
77376389
77786046
57519217
64793793
53603374
72264558
55192680
48770506
60501181
36465930
21294696
10088374
44199312
21081715
10186665
26472102
25964217
70363910
78982028
77720472
31469274
28733068
10727325
70937348
98757340
35155239
95857289
98167452
63286402
85060187
90909216
42675655
22621705
22982158
53275773
22933007
56306697
7335739
75525078
58895573
81439618
84109918
97069736
88156704
47050159
95988445
36400450
48344456
97561273
2125642
71969569
62287069
44903901
40086802
44985823
63614139
52178030
53472348
99609240
62434497
92351226
44166623
36711856
30715477
39775709
241536
89713374
34844053
8761090
47541586
5812176
37301683
2420649
69577643
18050716
17804958
52309135
76360479
7860195
77703989
16559979
14446411
39988730
41545184
50277732
65432699
95611437
36646287
12808039
95955487
55651574
39628283
46869858
93841979
34450849
46230894
89402084
15265625
21835518
12480266
61402129
13086590
81029999
78408471
91646666
71248770
59993132
6500316
7221166
86977260
42085697
26291799
76983121
76704602
31551019
52456686
95775354
94267983
31452685
3469287
88173204
60156994
18017994
80997130
14151434
90516155
3977176
13610794
64384051
38137251
67300330
6401937
27094637
8662901
86649563
76819302
57011350
99985923
18919126
44264795
16477955
46787889
92826226
85797601
47607083
11579213
85781217
99972597
99841521
29929930
15069414
24801662
75052157
59995029
97187276
50672387
35680807
83342591
35090974
25440655
87389497
38416964
6729833
97367490
28930486
37417514
49558241
75183212
29700562
18592003
58438502
16167144
84047133
73512001
15134917
8122456
9957555
35025459
56685382
82113730
50197210
90256713
61481
19443969
24588637
48952000
27914626
50229970
89781623
39940686
73053301
52441871
71529584
58995632
72086655
19394833
71840895
3584001
24506700
89404778
25440709
22458640
42529487
2486380
8663245
59454401
11251936
31584682
70268001
53441403
68023384
37974550
39137795
35795578
46346910
9105620
56832828
39367225
9269487
58471199
62960547
51852159
10858700
58618647
42775271
38040104
21524774
1585270
9384160
12546252
41562638
58012427
71889975
12595267
53408682
16953732
21148101
9302026
41612018
4337866
33288561
38793921
35107481
37384878
38613720
86783418
38499028
71775462
68990137
54047647
95220997
30847359
95335685
34599587
69301388
63337323
54539247
61371160
11317279
81769580
70808704
56996831
80835693
43151918
63026047
85800355
15462442
88814991
15626280
23540141
49164835
72889494
83260453
87291360
20869607
14381058
36926185
58192810
29896982
1585351
3354835
24113551
36139717
79393881
27079035
83653659
20001238
83031061
43823733
51393529
35304176
92140951
2650307
54473682
25948516
83424279
77198454
79557709
50459637
98907408
24965509
78017627
96171332
45380535
75609476
45052841
7237992
9630107
69236009
85439517
16527859
26112159
97924295
40383354
87061539
29651152
84964356
35992370
75068769
80295376
16429537
13824462
18444294
50181084
18772029
72562042
31830222
9908667
14889421
51163682
20082717
48198639
31240429
91321413
41513804
75298116
46674933
26783911
33059000
22016011
40596271
2306406
48640929
36516709
30306436
5058817
93222083
47575963
72529181
32075960
90043407
31928500
3830127
57979427
2388348
76953038
79623650
69268860
85734464
749910
504153
74331406
95433937
47887288
50688614
97219757
67597665
98366650
12710313
45233114
23457806
63910589
56504877
10482152
87340109
10187232
74298640
32780405
9498898
225664
82834793
815498
64844379
63042120
81851753
34173824
30896220
87078078
95974455
192912
77149451
47690564
79213868
46445392
82916709
55767751
30568519
2994619
77051136
23916788
9859343
82802037
38253532
31535229
35976122
70464940
3879323
81278328
50934440
82277701
42267424
82064705
4682210
61682184
87782557
96679019
64385662
38466528
92959776
69432718
73397742
35926935
12382473
83735883
81343840
89044212
91534542
43397933
23670997
1536425
75920706
35730405
64451090
20115703
64958998
11940221
12742924
63353352
45871977
12005733
26767435
93287516
66220582
48263994
14348544
87258344
19116226
930287
67139045
63173157
12906786
75904353
71890339
76150140
77919571
44790610
47805216
70006230
30650409
42546039
43774821
76166517
78624430
16757499
24998773
73971298
35811372
58618224
23360363
22655819
67056103
6419064
13628117
49836261
32044021
63762899
29340576
40349767
48902347
70186508
43495602
45346965
6959682
39366770
78902937
29733870
73184883
91666246
4518517
73725525
5730918
49426624
53719297
93910956
42070196
93861807
87897860
95188886
36007966
20296457
55816559
17953580
83408583
86210403
2765417
28980217
96450555
77903585
86374254
95926267
42479815
69547637
48410803
92092206
63107473
13398682
53965152
63353233
21508880
84817748
94025664
58552609
66761126
12628638
13185706
71186010
28505050
10040048
35958863
8581865
60912077
21312309
97630113
60846545
85292900
57143574
55718176
44183766
52130158
26997741
19919705
8172043
81999508
10138349
39497762
4485693
258681
41857028
22262569
7336467
91600648
97646419
51573136
28619575
45314100
73610986
78198304
7631613
1372831
23884768
85292953
19706784
12890699
5042911
92354325
12562986
15921765
2978490
63156571
21656530
85571463
46002211
39465209
73447110
20919192
45641744
85882804
29487980
25048019
60141880
56439280
56603121
25834298
41300167
73971417
36548764
26915627
9056831
10940958
62009608
41513156
29209347
87668615
41988160
89601940
22049683
60764508
95025005
43151446
22606750
56275357
99383077
55161219
35565780
24015781
56947112
25473865
18035677
8188589
53604835
57684387
43823177
22115204
53735910
68728527
35860731
57766318
94025541
46657560
36827345
8057499
50835942
25572196
42578026
60453245
51163620
51540473
66400542
67991267
91715480
50196498
36221144
47116349
89847726
6681233
29487924
36303056
71972535
54161466
9040779
67006714
74545015
40612204
16659445
36745532
97973977
79034279
3175202
26178203
4862815
12989392
64254146
21115482
53407798
42201499
37515553
70121264
49394156
10171269
93173421
92305057
88061469
93451954
17445421
94893696
95958673
67254057
75593645
12825587
66662604
54489091
66941120
98285286
24146480
18313814
81147799
77789152
97367695
56979489
55013391
84358735
46526860
46379400
3453799
99219132
29536919
92436183
54276192
37089641
23818805
64057486
94746311
36827475
18510461
34468202
31060656
82851737
99923614
58224659
86947395
26456828
61501658
15856512
76085244
73234217
24883724
39448864
8549368
16610177
98891416
97760942
55160886
52129947
94303774
85194386
97318478
12415807
96777793
99513960
24802044
19346080
36975037
79230772
28078627
65695866
26210846
27275826
84555423
68990859
96220715
66367596
85423755
26653193
54079643
4453353
69171123
6583241
64106620
51523748
17052339
19215005
91649740
99743307
83621696
83769157
12137220
51736789
15725358
12530558
80459530
66564147
96433786
47116552
65024039
69613549
75921229
22180510
54161654
20607732
69269487
58372266
49574181
63418387
60190785
13693706
10531710
11547503
15446836
19919566
30634544
25375335
64008245
98317883
98514487
75970415
83736340
28062273
1012704
98727440
6779797
87439045
69138409
17904360
52211941
83736327
47036108
6419552
37975618
28882361
67776526
94876067
8107135
35452443
92828033
55834463
5370972
53294883
93401475
66009085
98742768
6878332
29668817
88043814
70250549
25589147
2077698
57112441
30045652
7025739
57194312
48412354
21738859
40547912
88813929
23262534
21312864
34715191
23655759
71970913
32830943
21312875
64600041
36828674
77099180
65091540
98218479
97513974
22705507
40941132
94400926
63977455
50755398
73969705
93893083
35731047
23459106
49460922
69267562
62355451
84373832
83243174
48068237
68857928
13841543
63633311
16577700
73363462
73166855
99742122
98103737
75952359
39024178
75100184
83423386
40760847
87290192
78835921
38630952
84717929
341091
85487998
41203228
40318477
65255305
7336990
61585370
69824603
39499310
84373875
12563658
44791517
65877915
65370012
94335459
15119512
65959825
17380745
69021852
39253715
9974813
97546588
78065704
30618947
48445042
64452422
18625929
1225861
94138630
25654553
66189137
54720483
4797675
71954667
89862643
85717426
27718924
28980502
27407629
62895887
84931003
90845651
77836313
98382176
65369947
92549435
25703752
90927531
43595352
98808101
69595373
1520863
2585838
34207424
47986198
5797011
40138409
50689992
93139267
57882557
19756515
34617024
9434204
84881881
87355875
30962947
51394509
37517026
82882583
69021946
43333245
56506295
8680558
52852682
72642744
25900390
38319782
33076492
71708850
98660633
22689186
7877764
35288807
32535823
79524284
74936692
87388214
35174173
36665130
63944393
80785881
62977738
37812047
48429037
49838060
76951938
58291820
31945970
8943007
68874498
1537293
19526709
79950303
59651758
22082673
52721157
996652
54261278
10188221
47921148
52606474
41432912
70463770
6862146
19870725
77050296
33617712
47020029
99840193
2520341
60143266
97366261
48363483
83521978
79426042
57374248
90337318
48773036
39712536
55424516
2504044
44808161
83227065
22017054
38958849
67057320
9975247
44464126
95432938
98152579
11597291
35469123
20182098
16266650
49149838
69316930
39614271
19854413
7795984
88354851
97038496
1635696
16020892
89387067
87552095
41744149
45610973
90550281
29815978
63764128
34453344
90927131
36026198
56555044
84652145
53065298
1570155
48822166
74887432
37320518
13350219
81244501
33716102
86995114
49002348
92598275
8173045
67481999
43022109
74953210
63665733
61683234
40302569
1930638
64304705
43611919
54392485
25474072
23704821
20198569
87961763
46561113
77295930
56424184
45397777
87535761
56882891
1193403
77115699
13874559
93909044
30782566
89370848
57702085
46577523
20427906
68071865
26080309
16332096
48625500
76886318
35698589
86356123
92696633
84799695
12940551
64812574
61929074
61634159
74903987
80720136
93548634
21542019
86159598
94859370
72380800
39057280
89157764
112085
96186465
31962172
94679160
92860500
11187573
2241987
2897355
1914352
69808601
31175727
57751173
81309997
49510155
14300448
19035352
12334777
17954585
8697485
78590630
8435342
31750135
48493815
48215242
49100026
8058470
74887787
70201905
26130320
92943273
23181122
38810742
57587017
65713603
42153129
14251765
7075398
79704813
833058
6452813
78574238
13104886
7599682
30717926
39793772
21198704
9270968
29931517
44151961
91190102
30324727
89158506
36615188
54342918
52458779
5535338
75149893
22673177
50885964
42382531
25163577
37221489
41350204
50295988
40891428
39416853
11122405
73150994
21067537
31045513
58373419
41464876
19134328
57865513
62207465
63829395
48313473
72266284
32798609
52966733
57177357
34092142
44446926
87290714
8419052
52163958
48477326
67646054
128623
48886937
86307668
38220854
66467207
61552088
52458836
61453791
99939209
88240956
94647258
66221452
10761766
77328920
30963548
52376987
67973771
15169133
26900240
79524401
28489535
97334083
53196197
80081482
66336101
31995769
88257489
43365376
41628910
32700261
9156124
19249085
22443981
26556174
76149268
32339824
7698155
52786618
40170693
77066803
95335174
97268580
41956396
88716282
82866758
78574105
99627848
40154333
2258658
3946237
4044543
37631226
7403188
89633681
12564087
31487785
61912442
85275611
39974062
70071038
40121533
34387155
35878082
33339166
83374622
33470232
43447422
9451130
12498512
20445144
78737984
20953038
77656658
47215654
84145146
92779390
70873795
10237543
96056130
89141842
64615645
734989
34469124
16168953
80147414
12531631
55309401
19445308
13301724
77738932
8419223
5650255
8091494
6993736
33486551
8779692
80966649
54850671
48100854
42546596
12269462
99676894
83784656
87765515
34354495
90763870
15398876
7354183
29521653
62796937
6633309
75723706
48903633
64828641
37041416
5109508
31127191
8222512
87208546
36631932
74445624
25114150
47756674
96072418
88961580
16905824
63386789
55030831
64730290
52835405
45659604
30734011
86061648
51131517
12318670
90763806
33158799
38581556
98808473
59405553
25982711
13596594
11990987
39580964
15791984
36042148
29226556
9811735
91189996
77296414
62714937
48756065
33912194
39826903
25572879
99103334
30144068
59945986
79803216
65156208
9254686
95679015
85291649
47412548
77542149
61174841
64189516
97268307
51885239
33715623
6748108
6207476
25753122
24295134
49034585
39597541
37008781
81032046
56145124
75199428
68514773
42808653
18560730
77443932
36599272
58504375
85357273
49984808
72610689
10762102
71054319
51754176
36255231
4700049
48297272
99856937
37107179
30520882
61322307
58569883
49739025
45643091
39843252
6174642
3815370
41268615
48493840
53163224
49132827
24917636
71545787
24671874
43349352
30669267
65076193
36403753
86408482
63224769
66862067
34765341
17447173
70351905
43219586
58162022
72252509
47184597
68926469
95436176
70532117
51690293
70761493
85966140
39271027
27572609
96288155
94403976
61062026
86670592
50133715
17692988
7141471
87129351
50379576
21674355
10434726
44038817
92536252
61078497
76004549
73219102
53689200
68500566
44661487
96140797
54180721
69074003
98844084
37714543
48102029
15333563
27654646
47790735
26556867
8763603
25475549
31947194
84458837
75988184
53115765
34077286
75414550
63568801
59849721
10156279
58161927
5961770
33454478
97418687
67665017
80706744
43629294
24000791
25131270
87326031
55360304
91929863
30636374
33225087
99269999
65846113
99335525
35486351
37403304
8992796
73333961
98254146
52001666
80378966
5028049
40368890
58145751
20412820
92536103
76708918
64174966
53197709
76004399
26917171
46135830
83737687
25884961
61700870
63863651
48691785
53803931
83786830
11958278
76086331
90734032
6109413
68877474
67894450
64781158
99253584
89488878
36502161
31963481
96238850
59456308
89144720
55294856
95583607
47249942
98270492
95731068
71990403
82656294
57883576
24082850
70106336
1341657
12744716
73890984
6666410
92192166
24787362
2734321
61733748
37272289
10958973
85081545
79576161
30259501
3553495
57310091
40385162
17988085
71842978
16332818
60210041
24967571
93207934
65141522
61078352
72891566
2816210
81198127
62176078
36223699
47757859
56753053
51674091
92257664
43269013
17692681
81296861
26933394
12581301
19052585
63109836
79805904
39861106
61356732
73629046
76610949
48921597
24344676
7256439
81837562
3225898
25475227
50838054
62388884
41761625
68861247
25704621
45792146
18217023
37763946
59243181
86113293
70679835
40139595
85556278
80100849
79969779
21772404
96877822
77561254
93977760
13859306
63830772
43039658
48430041
61340315
38058875
23836756
46136319
48528292
13040006
87161968
7780660
53607026
99007651
43121623
67976523
94633199
92978374
26982613
69877093
82083252
46644118
18839626
22804494
8485335
56883765
10435015
12286435
14236033
99122353
65206974
83590565
35371844
70892889
24229904
73104697
80395689
43744254
38222626
12007888
6322439
34618231
51362406
70155588
89439295
87964754
16382357
64944819
12728748
4340019
59374331
27015406
56228397
74153246
76135935
40024859
24983556
32307350
86129758
6633753
76021242
59849455
29161667
19101859
79592762
11499817
74677753
19789984
32094329
84294804
19364019
50117481
12155183
6306294
76938510
48954231
37829599
94632963
10696962
83803481
89439475
87227546
90750168
6142446
36797317
72171001
77921553
11778310
1210788
3291525
87587983
69631391
50428603
32979017
915890
45677432
64928284
8993089
46889731
65665569
26802256
71679380
4815263
33191970
9468233
33618905
56769211
56228480
85589186
93994049
30717960
32340018
25376864
34290664
63355429
18233587
52263672
84688105
37501913
2603456
11467077
95976533
50658026
63240758
19282128
58817145
87342284
47119159
85834983
59669108
84409596
73825690
16742656
13105862
94912425
38139975
68697628
54327609
28474293
81968874
66697713
57850235
73367126
22690640
58390897
52164880
80232131
784896
18791185
47757527
43513988
16710381
46151895
12860115
35043340
31620089
48478462
67845654
87703335
12745436
16530140
58128726
12450463
29359004
9140911
55834998
92110682
36075535
30899197
85475123
58423638
86294283
18742061
78773888
81198820
68812331
85720877
17972005
81526499
8436409
75480646
56228197
99467217
66943427
6421029
41859129
11975409
31996832
54065520
7404093
98729900
6666805
10435273
11614953
75710169
33814617
45562091
19692402
35403842
62814689
90423043
13515437
59128293
5634610
92749805
82574976
92307435
95354819
34224228
53508446
25394163
21592889
55802147
59275768
97845156
95371229
1079906
2046571
86687580
53655877
40171539
91668234
90226460
95108906
25082876
62650681
25885449
15514216
81395292
27441956
65173861
51558810
90324968
80756314
88358857
33110903
68894347
38107357
48363643
48658556
50428314
78593587
31472508
74677998
70074035
92471069
48937032
3373723
85311420
68861620
93224736
64764269
83033664
39172320
76217905
6666968
54901242
33553214
66877757
89341842
82230821
65567019
62028150
25115577
93683538
55425412
71712394
6503086
55589279
69467884
87801835
77823602
26426176
36255996
36796647
77250125
97779460
85557185
37140716
56998334
57162165
63224089
55687564
7305871
6748807
37583065
12040786
66664732
84017131
74464925
29375278
29145938
9206370
10205802
70418120
92045184
24902534
33863940
95600307
13138893
97304260
21183049
35485969
17578497
50657289
25819780
13794269
75186026
28703396
44743099
91979375
22870603
93896320
23853682
57243760
45971876
37746982
45103530
54114338
59701395
38009181
69500731
71204641
97697522
30063339
17365545
94207673
2472707
88063513
27998851
36141326
9501627
33176278
17496614
81821646
56522865
35682576
41089344
68222754
62519437
1473314
69353238
47102455
3799810
80920558
72515439
4881268
23099999
37452159
35879271
52869218
71728898
74104623
60848358
73318166
68976469
22395422
79413239
79691762
58177594
70369151
30243459
99647136
10468300
88292886
87555681
86933110
39794950
32783023
98352768
88751638
91323949
8174369
26131152
83083180
41924895
46184864
98696834
31095486
32979600
23656975
58341394
8649706
28818141
82558848
60307699
41515286
59013364
55736355
89325088
38943014
68845422
56801300
29784767
21396031
36370768
62896324
35371367
6404892
60668131
75366147
35354981
46594489
9026312
28391984
10517281
90930921
89915102
89308889
49936756
50739337
12073769
62617641
28949035
66795624
97123933
47184219
37206447
91553516
22362828
96763481
16956060
68386739
37501343
78200589
15973206
46971241
17267361
17103522
79773542
46119192
58980399
54016148
9730874
93568572
76037944
1145763
97206
66582607
82673493
41925061
30816876
72744942
82902860
71204738
64190483
83656509
18709212
11058029
14072593
3029988
63944709
31455763
75497394
18315992
11811707
89734792
77446991
32602659
30571014
91324071
39188867
68042713
14318339
83771172
42285401
28981861
89521845
39254455
88276640
9567093
49723666
29489700
10255227
86654669
44169542
80903994
8403817
36174284
74891162
59160682
40761730
93732452
23902878
90390167
84901627
40483229
14023456
87293636
88309435
31095329
8584062
97237448
13188301
30784979
2489388
40156776
81262791
25427346
79313070
36044337
68777984
94615993
2718770
14007502
60784515
61538230
80951539
16661727
23756107
7257164
48185081
44973704
62750612
15613122
79902958
34569761
11304066
53067526
76560575
98482667
87439617
8404152
1997860
10009764
9632943
67123261
64700388
94042533
15432875
79755394
24198453
85440849
42467008
88865036
20331889
87128440
91552062
21445900
1145948
28638713
45661942
27426290
17841474
72857603
5258244
80148624
25443795
52789116
2636915
49036976
95697385
16546978
13679759
88160545
27753927
16219285
68204659
6945802
15334528
25951714
51314535
80885944
3603547
51576703
4586539
6306831
47972020
87963982
79935671
61095889
31915408
79280320
99940749
86391131
31899032
61046563
30506320
66994047
64847711
91142637
78985265
25263364
74414314
49544821
75102452
32111972
43548183
24706536
27819321
64847694
94255371
96024879
71317719
80246865
2178234
37600928
55525328
81246325
30752118
2063541
67549353
59227944
69302414
63930237
81524840
59129653
17628600
69990558
65748828
99973452
24444367
45055507
29195523
91519412
19430888
42761801
15957051
83245119
16628785
32800058
54886282
82868257
73857214
12270690
16776229
39648956
9649266
37142231
46939695
16842212
15465486
5192871
6749326
94714185
14482482
48528924
33062145
72792234
326916
49020907
40042336
9321866
93616284
96975053
64257758
83835381
92764300
92289164
15793662
38698846
6618484
59653788
69433649
15351288
4029742
89454657
13974979
9076124
93747329
48234439
60964536
49528808
34553620
72939843
54804057
78805394
57736784
43974590
30866678
92272734
14663166
15154628
65994443
39518079
26049704
17808425
75889071
43581364
56163957
1523002
97646847
94926983
92633269
38944611
66338496
3947784
16121283
89421934
47644650
87881730
95107221
58162760
9403852
4979981
79198705
15154606
14794156
24689717
90716198
38338328
15842721
82327995
76151258
37289839
53034608
36290377
12434909
30932151
67991919
77478394
60604152
22297649
83261843
32783517
73726222
51232353
86882368
90454025
82295177
40959775
49282975
90634263
46481329
4570416
23493648
36585304
67828083
1539436
34013050
49201042
82393493
98203815
146815
5635541
73611744
29834305
31603813
15596906
23870699
9960734
17316994
19152047
3358143
56704751
79493426
38551516
11681056
20364452
43384577
77789492
59211294
90700026
16694627
10878212
89192690
38420462
53411466
63192672
37158803
69220742
29965422
37912553
60063295
56164083
51134112
24116416
67893668
98187371
97286270
79395081
18594991
6012398
75430344
27753489
78674186
27655199
86800534
94386204
43728678
4603384
52575970
52641505
39518104
92616770
30342148
72825243
1261023
25361484
19627259
32504894
12254574
88291479
2309621
39796616
65846836
40091582
7470481
57441932
26836093
16006419
85195002
54673070
22576309
61128267
39862160
10845521
48234283
35110883
1408480
10779987
41385868
66698757
38272952
30556115
77986471
48364771
66878970
38911062
63815114
54672709
5602911
90536822
96828371
37714984
41991320
96222118
37534753
8519326
90504004
14761664
16334552
72628853
72776307
91618130
40729674
20430621
40844354
49872086
3194370
23789401
71744115
44891291
56343906
10174114
85588768
53935370
52264224
71793273
40631380
84638516
97860586
30769044
1588826
49708210
51723603
43728092
54377847
79903375
28917748
96893835
36453473
56409362
53099877
68532805
93125597
43498694
61816317
79510249
8175142
41368621
48413880
81836733
72890936
35683392
41139220
77675208
72694335
48053424
80739007
58408200
40893467
52395371
90815261
98532266
95157203
40090650
82573969
78084826
61160923
38190136
76446448
41352434
98057052
52182425
14253649
75610634
57703904
50019435
11435583
84376464
70187702
33864863
1687174
11714067
71662311
77429304
64109940
27754240
91552732
73513673
75283158
52084150
80558689
90536919
48708693
85179302
10747416
59178298
34831535
72907492
16924608
67599045
33062715
5766802
72923795
25198416
85228485
61750651
65355056
66993449
72841868
47528968
19185659
93748041
29982505
89504693
49298448
49314833
93027178
12041811
7421588
22773694
24854429
42548321
50773486
38632615
99220226
74922651
54115798
83311109
7765634
69696209
87653313
5799584
10944094
66862342
33177344
90373017
50789383
91552373
65191136
21757517
32210668
19234348
46071223
91142757
10223510
25984642
69204752
60128389
79248298
25935518
9699206
63651036
6504314
57457782
13483987
18021901
29851367
34209064
27033277
39877954
16416728
96025243
30555895
62012564
33783083
23969345
18972175
78543774
1785642
28786306
31866576
36437276
5930861
44989849
83262414
14041070
49233367
68647726
75168582
15040473
62094479
37076340
71023482
81001361
95533811
55983125
47644050
12402681
88373762
83688375
50756685
13352839
86850173
3342178
57359418
89143810
60914931
58063911
12763031
36207999
93043410
20201070
41401644
79494114
63519894
66272428
66534568
70662998
36289867
19775055
72792885
12648355
6995726
8077087
46955946
32423554
99760799
92928742
80182199
82426778
18480746
78904263
42319345
26820333
67844990
89405987
58620934
8896511
13205425
8306439
50773119
18005608
53853263
87554637
42220805
78740272
89242327
12746564
68877206
51051654
35814829
96811594
12484397
44678463
79100705
83557229
53165234
69598136
14516035
73972680
61225988
33897894
52886658
13483880
72285160
52542601
9338662
86129288
71531496
61471748
1179583
40664514
92027596
33996212
57621723
74333146
95631879
61488159
83786568
46546289
64142441
2752405
12467969
10501985
36634092
92256954
94288473
74808255
69467118
3358718
76299073
73333648
62979086
49675578
59915331
75021226
94452343
61160563
38682008
96090723
43384142
88095393
41303444
14516025
46103897
2047992
2703297
95713883
85555947
30260799
43318630
96565810
84556542
28638785
6799249
2129884
90421918
42728821
95320656
